19 0
19 1
19 2
19 3
19 4
19 5
19 6
19 7
19 8
19 9
19 10
19 11
19 12
19 13
19 14
19 15
19 16
19 17
19 18
19 19
19 20
19 21
19 22
19 23
19 24
19 25
19 26
19 27
19 28
19 29
19 30
19 31
19 32
19 33
19 34
19 35
19 36
19 37
19 38
19 39
19 40
19 41
19 42
19 43
19 44
19 45
19 46
19 47
19 48
19 49
19 50
19 51
19 52
19 53
19 54
19 55
19 56
19 57
19 58
19 59
19 60
19 61
19 62
19 63
19 64
19 65
19 66
19 67
19 68
19 69
19 70
19 71
19 72
19 73
19 74
19 75
19 76
19 77
19 78
19 79
19 80
19 81
19 82
19 83
19 84
19 85
19 86
19 87
19 88
19 89
19 90
19 91
19 92
19 93
19 94
19 95
19 96
19 97
19 98
19 99
19 100
19 101
19 102
19 103
19 104
19 105
19 106
19 107
19 108
19 109
19 110
19 111
19 112
19 113
19 114
19 115
19 116
19 117
19 118
19 119
19 120
19 121
19 122
19 123
19 124
19 125
19 126
19 127
19 128
19 129
19 130
19 131
19 132
19 133
19 134
19 135
19 136
19 137
19 138
19 139
19 140
19 141
19 142
19 143
19 144
19 145
19 146
19 147
19 148
19 149
19 150
19 151
19 152
19 153
19 154
19 155
19 156
19 157
19 158
19 159
19 160
19 161
19 162
19 163
19 164
19 165
19 166
19 167
19 168
19 169
19 170
19 171
19 172
19 173
19 174
19 175
19 176
19 177
19 178
19 179
19 180
19 181
19 182
19 183
19 184
19 185
19 186
19 187
19 188
19 189
19 190
19 191
19 192
19 193
19 194
19 195
19 196
19 197
19 198
19 199
19 200
19 201
19 202
19 203
19 204
19 205
19 206
19 207
19 208
19 209
19 210
19 211
19 212
19 213
19 214
19 215
19 216
19 217
19 218
19 219
19 220
19 221
19 222
19 223
19 224
19 225
19 226
19 227
19 228
19 229
19 230
19 231
19 232
19 233
19 234
19 235
19 236
19 237
19 238
19 239
19 240
19 241
19 242
19 243
19 244
19 245
19 246
19 247
19 248
19 249
19 250
19 251
19 252
19 253
19 254
19 255
19 256
19 257
19 258
19 259
19 260
19 261
19 262
19 263
19 264
19 265
19 266
19 267
19 268
19 269
19 270
19 271
19 272
19 273
19 274
19 275
19 276
19 277
19 278
19 279
19 280
19 281
19 282
19 283
19 284
19 285
19 286
19 287
19 288
19 289
19 290
19 291
19 292
19 293
19 294
19 295
19 296
19 297
19 298
19 299
19 300
19 301
19 302
19 303
19 304
19 305
19 306
19 307
19 308
19 309
19 310
19 311
19 312
19 313
19 314
19 315
19 316
19 317
19 318
19 319
19 320
19 321
19 322
19 323
19 324
19 325
19 326
19 327
19 328
19 329
19 330
19 331
19 332
19 333
19 334
19 335
19 336
19 337
19 338
19 339
19 340
19 341
19 342
19 343
19 344
19 345
19 346
19 347
19 348
19 349
19 350
19 351
19 352
19 353
19 354
19 355
19 356
19 357
19 358
19 359
19 360
19 361
19 362
19 363
19 364
19 365
19 366
19 367
19 368
19 369
19 370
19 371
19 372
19 373
19 374
19 375
19 376
19 377
19 378
19 379
19 380
19 381
19 382
19 383
19 384
19 385
19 386
19 387
19 388
19 389
19 390
19 391
19 392
19 393
19 394
19 395
19 396
19 397
19 398
19 399
19 400
19 401
19 402
19 403
19 404
19 405
19 406
19 407
19 408
19 409
19 410
19 411
19 412
19 413
19 414
19 415
19 416
19 417
19 418
19 419
19 420
19 421
19 422
19 423
19 424
19 425
19 426
19 427
19 428
19 429
19 430
4 0
4 1
4 2
4 3
4 4
4 5
4 6
4 7
4 8
4 9
4 10
4 11
4 12
4 13
4 14
4 15
4 16
4 17
4 18
4 19
4 20
4 21
4 22
4 23
4 24
4 25
4 26
4 27
4 28
4 29
4 30
4 31
4 32
4 33
4 34
4 35
4 36
4 37
4 38
4 39
4 40
4 41
4 42
4 43
4 44
4 45
4 46
4 47
4 48
4 49
4 50
4 51
4 52
4 53
4 54
4 55
4 56
4 57
4 58
4 59
4 60
4 61
4 62
4 63
4 64
4 65
4 66
4 67
4 68
4 69
4 70
4 71
4 72
4 73
4 74
4 75
4 76
4 77
4 78
4 79
4 80
4 81
4 82
4 83
4 84
4 85
4 86
4 87
4 88
4 89
4 90
4 91
4 92
4 93
4 94
4 95
4 96
4 97
4 98
4 99
4 100
4 101
4 102
4 103
4 104
4 105
4 106
4 107
4 108
4 109
4 110
4 111
4 112
4 113
4 114
4 115
4 116
4 117
4 118
4 119
4 120
4 121
4 122
4 123
4 124
4 125
4 126
4 127
4 128
4 129
4 130
4 131
4 132
4 133
4 134
4 135
4 136
4 137
4 138
4 139
4 140
4 141
4 142
4 143
4 144
4 145
4 146
4 147
4 148
4 149
4 150
4 151
4 152
4 153
4 154
4 155
4 156
4 157
4 158
4 159
4 160
4 161
4 162
4 163
4 164
4 165
4 166
4 167
4 168
4 169
4 170
4 171
4 172
4 173
4 174
4 175
4 176
4 177
4 178
4 179
4 180
4 181
4 182
4 183
4 184
4 185
4 186
4 187
4 188
4 189
4 190
4 191
4 192
4 193
4 194
4 195
4 196
4 197
4 198
4 199
4 200
4 201
4 202
4 203
4 204
4 205
4 206
4 207
4 208
4 209
4 210
4 211
4 212
4 213
4 214
4 215
4 216
4 217
4 218
4 219
4 220
4 221
4 222
4 223
4 224
4 225
4 226
4 227
4 228
4 229
4 230
4 231
4 232
4 233
4 234
4 235
4 236
4 237
4 238
4 239
4 240
4 241
4 242
4 243
4 244
4 245
4 246
4 247
4 248
4 249
4 250
4 251
4 252
4 253
4 254
4 255
4 256
4 257
4 258
4 259
4 260
4 261
4 262
4 263
4 264
4 265
4 266
4 267
4 268
4 269
4 270
4 271
4 272
4 273
4 274
4 275
4 276
4 277
4 278
4 279
4 280
4 281
4 282
4 283
4 284
4 285
4 286
4 287
4 288
4 289
4 290
4 291
4 292
4 293
4 294
4 295
4 296
4 297
4 298
4 299
4 300
13 0
13 1
13 2
13 3
13 4
13 5
13 6
13 7
13 8
13 9
13 10
13 11
13 12
13 13
13 14
13 15
13 16
13 17
13 18
13 19
13 20
13 21
13 22
13 23
13 24
13 25
13 26
13 27
13 28
13 29
13 30
13 31
13 32
13 33
13 34
13 35
13 36
13 37
13 38
13 39
13 40
13 41
13 42
13 43
13 44
13 45
13 46
13 47
13 48
13 49
13 50
13 51
13 52
13 53
13 54
13 55
13 56
13 57
13 58
13 59
13 60
13 61
13 62
13 63
13 64
13 65
13 66
13 67
13 68
13 69
13 70
13 71
13 72
13 73
13 74
13 75
13 76
13 77
13 78
13 79
13 80
13 81
13 82
13 83
13 84
13 85
13 86
13 87
13 88
13 89
13 90
13 91
13 92
13 93
13 94
13 95
13 96
13 97
13 98
13 99
13 100
13 101
13 102
13 103
13 104
13 105
13 106
13 107
13 108
13 109
13 110
13 111
13 112
13 113
13 114
13 115
13 116
13 117
13 118
13 119
13 120
13 121
13 122
13 123
13 124
13 125
13 126
13 127
13 128
13 129
13 130
13 131
13 132
13 133
13 134
13 135
13 136
13 137
13 138
13 139
13 140
13 141
13 142
13 143
13 144
13 145
13 146
13 147
13 148
13 149
13 150
13 151
13 152
13 153
13 154
13 155
13 156
13 157
13 158
13 159
13 160
13 161
13 162
13 163
13 164
13 165
13 166
13 167
13 168
13 169
13 170
13 171
13 172
13 173
13 174
13 175
13 176
13 177
13 178
13 179
13 180
13 181
13 182
13 183
13 184
13 185
13 186
13 187
13 188
13 189
13 190
13 191
13 192
13 193
13 194
13 195
13 196
13 197
13 198
13 199
13 200
13 201
13 202
13 203
13 204
13 205
13 206
13 207
13 208
13 209
13 210
13 211
13 212
13 213
13 214
13 215
13 216
13 217
13 218
13 219
13 220
13 221
13 222
13 223
13 224
13 225
13 226
13 227
13 228
13 229
13 230
13 231
13 232
13 233
13 234
13 235
13 236
13 237
13 238
13 239
13 240
13 241
13 242
13 243
13 244
13 245
13 246
13 247
13 248
13 249
13 250
13 251
13 252
13 253
13 254
13 255
13 256
13 257
13 258
13 259
13 260
13 261
13 262
13 263
13 264
13 265
13 266
13 267
13 268
13 269
13 270
13 271
13 272
13 273
13 274
13 275
13 276
13 277
13 278
13 279
13 280
13 281
13 282
13 283
13 284
13 285
13 286
13 287
13 288
13 289
13 290
13 291
13 292
13 293
13 294
13 295
13 296
13 297
13 298
13 299
13 300
13 301
13 302
13 303
13 304
13 305
13 306
13 307
13 308
13 309
13 310
13 311
13 312
13 313
13 314
13 315
13 316
13 317
13 318
13 319
13 320
13 321
13 322
13 323
13 324
13 325
13 326
13 327
13 328
13 329
13 330
13 331
13 332
13 333
13 334
13 335
13 336
13 337
13 338
13 339
13 340
